VendorID,Zipcode,CityID
1,,1
2,,2
3,,3
4,,4
5,,5
6,,6
7,,7
8,,8
9,,9
10,,11
11,,12
12,,13
13,,15
14,,16
15,,17
16,,18
17,,19
18,,20
19,,21
20,,22
21,,23
22,,24
23,,25
24,,26
25,,27
26,,28
27,,29
28,,30
29,,31
30,,32
31,,33
32,,34
33,,35
34,,36
35,,38
36,,39
37,,40
38,,41
39,,42
40,,43
41,,44
42,,45
43,,46
44,,48
45,,49
46,,50
47,,51
48,,52
49,,53
50,,54
51,,55
52,,56
53,,57
54,,58
55,,59
56,,61
57,,62
58,,63
59,,65
60,,66
61,,69
62,,70
63,,71
64,,72
65,,74
66,,75
67,,78
68,,79
69,,80
70,,81
71,,82
72,,83
73,,84
74,,88
75,,89
76,,91
77,,92
78,,93
79,,95
80,,96
81,,97
82,,100
83,,101
84,,102
85,,103
86,,104
87,,105
88,,106
89,,107
90,,108
91,,109
92,,110
93,,111
94,,112
95,,113
96,,114
97,,117
98,,118
99,,119
100,,120
101,,122
102,,123
103,,124
104,,125
105,,126
106,,127
107,,128
108,,129
109,,132
110,,135
111,,136
112,,137
113,,138
114,,139
115,,140
116,,141
117,,142
118,,143
119,,144
120,,145
121,,146
122,,150
123,,151
124,,152
125,,153
126,,154
127,,155
128,,156
129,,157
130,,158
131,,159
132,,160
133,,162
134,,163
135,,169
136,,170
137,,171
138,,172
139,,173
140,,174
141,,175
142,,176
143,,177
144,,178
145,,179
146,,180
147,,181
148,,182
149,,183
150,,184
151,,185
152,,186
153,,187
154,,189
155,,190
156,,191
157,,192
158,,193
159,,194
160,,195
161,,196
162,,203
163,,204
164,,205
165,,206
166,,207
167,,208
168,,209
169,,210
170,,211
171,,213
172,,214
173,,215
174,,216
175,,217
176,,220
177,,221
178,,222
179,,223
180,,224
181,,225
182,,226
183,,228
184,,229
185,,230
186,,231
187,,232
188,,234
189,,238
190,,239
191,,240
192,,244
193,,245
194,,246
195,,248
196,,249
197,,250
198,,257
199,,258
200,,259
201,,260
202,,261
203,,262
204,,263
205,,265
206,,266
207,,267
208,,268
209,,270
210,,271
211,,272
212,,273
213,,274
214,,275
215,,276
216,,277
217,,278
218,,279
219,,280
220,,281
221,,282
222,,283
223,,284
224,,285
225,,286
226,,287
227,,288
228,,289
229,,290
230,,291
231,,294
232,,296
233,,297
234,,298
235,,300
236,,301
237,,302
238,,305
239,,306
240,,307
241,,308
242,,309
243,,310
244,,311
245,,312
246,,313
247,,314
248,,315
249,,317
250,,318
251,,319
252,,320
253,,321
254,,322
255,,323
256,,324
257,,325
258,,326
259,,327
260,,328
261,,329
262,,330
263,,331
264,,332
265,,333
266,,334
267,,335
268,,336
269,,337
270,,338
271,,339
272,,340
273,,341
274,,342
275,,343
276,,344
277,,345
278,,346
279,,347
280,,349
281,,350
282,,351
283,,352
284,,353
285,,354
286,,355
287,,356
288,,357
289,,358
290,,359
291,,360
292,,361
293,,363
294,,365
295,,366
296,,367
297,,370
298,,372
299,,374
300,,375
301,,377
302,,378
303,,380
304,,381
305,,382
306,,383
307,,384
308,,385
309,,386
310,,387
311,,388
312,,390
313,,396
314,,397
315,,400
316,,401
317,,402
318,,403
319,,404
320,,405
321,,406
322,,407
323,,408
324,,409
325,,410
326,,411
327,,413
328,,414
329,,415
330,,416
331,,417
332,,418
333,,419
334,,420
335,,421
336,,422
337,,423
338,,424
339,,425
340,,426
341,,427
342,,430
343,,432
344,,433
345,,434
346,,435
347,,436
348,,437
349,,438
350,,439
351,,440
352,,441
353,,442
354,,443
355,,444
356,,445
357,,446
358,,447
359,,448
360,,449
361,,450
362,,451
363,,452
364,,453
365,,454
366,,455
367,,458
368,,459
369,,460
370,,461
371,,462
372,,463
373,,464
374,,466
375,,467
376,,468
377,,469
378,,471
379,,472
380,,473
381,,474
382,,475
383,,476
384,,478
385,,479
386,,480
387,,481
388,,482
389,,483
390,,487
391,,488
392,,489
393,,490
394,,491
395,,493
396,,494
397,,495
398,,496
399,,497
400,,499
401,,500
402,,503
403,,504
404,,505
405,,506
406,,507
407,,508
408,,509
409,,510
410,,511
411,,512
412,,513
413,,514
414,,515
415,,516
416,,517
417,,518
418,,520
419,,521
420,,522
421,,523
422,,524
423,,525
424,,527
425,,528
426,,529
427,,530
428,,536
429,,537
430,,538
431,,539
432,,540
433,,541
434,,542
435,,543
436,,544
437,,546
438,,547
439,,548
440,,549
441,,550
442,,551
443,,554
444,,555
445,,556
446,,557
447,,558
448,,561
449,,562
450,,564
451,,565
452,,566
453,,569
454,,571
455,,572
456,,576
457,,577
458,,584
459,,585
460,,586
461,,587
462,,589
463,,590
464,,591
465,,592
466,,593
467,,595
468,,599
469,,600
470,,601
471,,602
472,,604
473,,605
474,,606
475,,608
476,,609
477,,610
478,,613
479,,615
480,,616
481,,617
482,,619
483,,620
484,,621
485,,622
486,,623
487,,624
488,,625
489,,626
490,,627
491,,628
492,,631
493,,632
494,,633
495,,634
496,,635
497,,636
498,,637
499,,638
500,,639
501,,641
502,,642
503,,643
504,,644
505,,645
506,,646
507,,647
508,,648
509,,649
510,,650
511,,652
512,,653
513,,654
514,,655
515,,656
516,,657
517,,658
518,,660
519,,661
520,,662
521,,664
522,,665
523,,666
524,,668
525,,669
526,,670
527,,671
528,,672
529,,673
530,,674
531,,675
532,,676
533,,677
534,,678
535,,684
536,,685
537,,686
538,,687
539,,688
540,,689
541,,690
542,,691
543,,692
544,,693
545,,694
546,,702
547,,703
548,,704
549,,705
550,,706
551,,707
552,,711
553,,712
554,,713
555,,714
556,,717
557,,718
558,,719
559,,720
560,,721
561,,722
562,,723
563,,724
564,,725
565,,726
566,,727
567,,728
568,,729
569,,730
570,,732
571,,733
572,,734
573,,735
574,,737
575,,740
576,,741
577,,742
578,,743
579,,744
580,,745
581,,747
582,,748
583,,749
584,,750
585,,751
586,,752
587,,755
588,,756
589,,759
590,,760
591,,761
592,,762
593,,763
594,,764
595,,765
596,,766
597,,767
598,,768
599,,769
600,,770
601,,771
602,,773
603,,774
604,,778
605,,779
606,,780
607,,782
608,,783
609,,784
610,,785
611,,786
612,,787
613,,788
614,,789
615,,790
616,,791
617,,792
618,,793
619,,794
620,,795
621,,796
622,,799
623,,800
624,,802
625,,803
626,,804
627,,808
628,,809
629,,811
630,,812
631,,813
632,,814
633,,815
634,,817
635,,818
636,,819
637,,820
638,,821
639,,822
640,,823
641,,824
642,,825
643,,826
644,,829
645,,830
646,,831
647,,832
648,,833
649,,834
650,,835
651,,836
652,,837
653,,838
654,,839
655,,840
656,,841
657,,845
658,,846
659,,847
660,,850
661,,851
662,,852
663,,855
664,,856
665,,857
666,,858
667,,859
668,,860
669,,865
670,,868
671,,869
672,,874
673,,875
674,,876
675,,877
676,,879
677,,880
678,,881
679,,882
680,,883
681,,884
682,,885
683,,886
684,,887
685,,890
686,,891
687,,892
688,,893
689,,894
690,,895
691,,911
692,,913
693,,914
694,,916
695,,917
696,,921
697,,923
698,,924
699,,925
700,,926
701,,927
702,,928
703,,932
704,,933
705,,936
706,,938
707,,939
708,,940
709,,944
710,,945
711,,946
712,,947
713,,950
714,,951
715,,953
716,,954
717,,955
718,,956
719,,957
720,,958
721,,960
722,,961
723,,962
724,,964
725,,965
726,,966
727,,967
728,,968
729,,969
730,,970
731,,972
732,,973
733,,974
734,,976
735,,977
736,,978
737,,979
738,,980
739,,981
740,,982
741,,983
742,,984
743,,985
744,,987
745,,988
746,,990
747,,991
748,,992
749,,993
750,,996
751,,997
752,,998
753,,999
754,,1000
755,,1001
756,,1002
757,,1003
758,,1004
759,,1005
760,,1006
761,,1007
762,,1008
763,,1009
764,,1012
765,,1014
766,,1015
767,,1019
768,,1020
769,,1021
770,,1022
771,,1023
772,,1024
773,,1025
774,,1026
775,,1027
776,,1028
777,,1029
778,,1030
779,,1031
780,,1034
781,,1035
782,,1045
783,,1047
784,,1048
785,,1049
786,,1050
787,,1051
788,,1054
789,,1055
790,,1056
791,,1057
792,,1061
793,,1062
794,,1063
795,,1064
796,,1069
797,,1072
798,,1073
799,,1074
800,,1075
801,,1076
802,,1077
803,,1078
804,,1079
805,,1080
806,,1082
807,,1083
808,,1084
809,,1085
810,,1086
811,,1087
812,,1088
813,,1089
814,,1090
815,,1091
816,,1092
817,,1093
818,,1094
819,,1095
820,,1096
821,,1097
822,,1098
823,,1099
824,,1101
825,,1102
826,,1103
827,,1104
828,,1105
829,,1106
830,,1107
831,,1108
832,,1110
833,,1114
834,,1115
835,,1116
836,,1118
837,,1119
838,,1120
839,,1121
840,,1122
841,,1123
842,,1125
843,,1129
844,,1130
845,,1131
846,,1133
847,,1135
848,,1136
849,,1137
850,,1138
851,,1139
852,,1140
853,,1141
854,,1142
855,,1143
856,,1145
857,,1146
858,,1147
859,,1151
860,,1153
861,,1156
862,,1158
863,,1159
864,,1160
865,,1161
866,,1164
867,,1168
868,,1169
869,,1170
870,,1171
871,,1172
872,,1173
873,,1177
874,,1178
875,,1179
876,,1180
877,,1184
878,,1185
879,,1186
880,,1187
881,,1188
882,,1189
883,,1190
884,,1197
885,,1200
886,,1201
887,,1208
888,,1209
889,,1210
890,,1211
891,,1212
892,,1213
893,,1214
894,,1215
895,,1216
896,,1217
897,,1218
898,,1219
899,,1220
900,,1221
901,,1222
902,,1223
903,,1226
904,,1227
905,,1228
906,,1229
907,,1230
908,,1231
909,,1232
910,,1233
911,,1234
912,,1235
913,,1236
914,,1237
915,,1238
916,,1241
917,,1242
918,,1247
919,,1248
920,,1250
921,,1251
922,,1252
923,,1253
924,,1254
925,,1260
926,,1261
927,,1263
928,,1266
929,,1268
930,,1269
931,,1270
932,,1271
933,,1275
934,,1277
935,,1278
936,,1279
937,,1280
938,,1281
939,,1282
940,,1283
941,,1284
942,,1285
943,,1287
944,,1288
945,,1289
946,,1290
947,,1291
948,,1292
949,,1296
950,,1297
951,,1298
952,,1299
953,,1302
954,,1303
955,,1304
956,,1307
957,,1308
958,,1310
959,,1311
960,,1312
961,,1313
962,,1315
963,,1316
964,,1320
965,,1324
966,,1325
967,,1326
968,,1327
969,,1329
970,,1330
971,,1331
972,,1332
973,,1333
974,,1335
975,,1339
976,,1344
977,,1347
978,,1348
979,,1351
980,,1352
981,,1354
982,,1355
983,,1356
984,,1357
985,,1358
986,,1359
987,,1360
988,,1361
989,,1362
990,,1364
991,,1365
992,,1366
993,,1367
994,,1368
995,,1369
996,,1370
997,,1373
998,,1374
999,,1375
1000,,1376
1001,,1377
1002,,1378
1003,,1379
1004,,1380
1005,,1381
1006,,1382
1007,,1383
1008,,1384
1009,,1388
1010,,1391
1011,,1392
1012,,1393
1013,,1395
1014,,1396
1015,,1397
1016,,1398
1017,,1399
1018,,1400
1019,,1401
1020,,1402
1021,,1403
1022,,1404
1023,,1405
1024,,1406
1025,,1407
1026,,1408
1027,,1409
1028,,1410
1029,,1411
1030,,1413
1031,,1414
1032,,1416
1033,,1417
1034,,1418
1035,,1419
1036,,1420
1037,,1422
1038,,1424
1039,,1425
1040,,1426
1041,,1427
1042,,1428
1043,,1429
1044,,1430
1045,,1431
1046,,1432
1047,,1434
1048,,1435
1049,,1441
1050,,1442
1051,,1443
1052,,1444
1053,,1446
1054,,1447
1055,,1448
1056,,1449
1057,,1451
1058,,1452
1059,,1453
1060,,1454
1061,,1455
1062,,1456
1063,,1457
1064,,1458
1065,,1459
1066,,1460
1067,,1461
1068,,1462
1069,,1463
1070,,1470
1071,,1472
1072,,1473
1073,,1474
1074,,1475
1075,,1476
1076,,1478
1077,,1487
1078,,1488
1079,,1490
1080,,1491
1081,,1492
1082,,1493
1083,,1494
1084,,1495
1085,,1496
1086,,1499
1087,,1500
1088,,1501
1089,,1502
1090,,1503
1091,,1504
1092,,1505
1093,,1506
1094,,1507
1095,,1508
1096,,1509
1097,,1510
1098,,1511
1099,,1512
1100,,1513
1101,,1514
1102,,1515
1103,,1516
1104,,1517
1105,,1519
1106,,1520
1107,,1521
1108,,1523
1109,,1524
1110,,1525
1111,,1526
1112,,1527
1113,,1528
1114,,1529
1115,,1530
1116,,1531
1117,,1532
1118,,1533
1119,,1534
1120,,1535
1121,,1537
1122,,1538
1123,,1539
1124,,1540
1125,,1541
1126,,1542
1127,,1543
1128,,1544
1129,,1545
1130,,1547
1131,,1548
1132,,1549
1133,,1550
1134,,1551
1135,,1552
1136,,1553
1137,,1556
1138,,1557
1139,,1559
1140,,1560
1141,,1561
1142,,1562
1143,,1563
1144,,1564
1145,,1565
1146,,1566
1147,,1567
1148,,1568
1149,,1569
1150,,1571
1151,,1572
1152,,1573
1153,,1574
1154,,1577
1155,,1578
1156,,1579
1157,,1580
1158,,1584
1159,,1585
1160,,1587
1161,,1588
1162,,1589
1163,,1590
1164,,1591
1165,,1593
1166,,1594
1167,,1595
1168,,1596
1169,,1597
1170,,1600
1171,,1602
1172,,1603
1173,,1604
1174,,1606
1175,,1607
1176,,1608
1177,,1610
1178,,1611
1179,,1613
1180,,1615
1181,,1616
1182,,1617
1183,,1618
1184,,1619
1185,,1620
1186,,1622
1187,,1623
1188,,1624
1189,,1625
1190,,1633
1191,,1634
1192,,1636
1193,,1637
1194,,1638
1195,,1639
1196,,1640
1197,,1641
1198,,1642
1199,,1645
1200,,1646
1201,,1651
1202,,1652
1203,,1656
1204,,1657
1205,,1660
1206,,1661
1207,,1662
1208,,1663
1209,,1664
1210,,1665
1211,,1666
1212,,1667
1213,,1668
1214,,1669
1215,,1670
1216,,1676
1217,,1679
1218,,1682
1219,,1684
1220,,1687
1221,,1689
1222,,1690
1223,,1691
1224,,1692
1225,,1693
1226,,1694
1227,,1695
1228,,1696
1229,,1697
1230,,1698
1231,,1699
1232,,1700
1233,,1701
1234,,1702
1235,,1703
1236,,1704
1237,,1705
1238,,1706
1239,,1714
1240,,1715
1241,,1716
1242,,1718
1243,,1719
1244,,1720
1245,,1721
1246,,1722
1247,,1723
1248,,1724
1249,,1725
1250,,1726
1251,,1727
1252,,1728
1253,,1729
1254,,1730
1255,,1731
1256,,1732
1257,,1733
1258,,1734
1259,,1735
1260,,1736
1261,,1737
1262,,1738
1263,,1739
1264,,1740
1265,,1741
1266,,1742
1267,,1743
1268,,1744
1269,,1745
1270,,1746
1271,,1751
1272,,1752
1273,,1754
1274,,1755
1275,,1756
1276,,1757
1277,,1758
1278,,1759
1279,,1760
1280,,1761
1281,,1762
1282,,1763
1283,,1764
1284,,1765
1285,,1766
1286,,1767
1287,,1768
1288,,1773
1289,,1774
1290,,1775
1291,,1776
1292,,1777
1293,,1778
1294,,1779
1295,,1780
1296,,1781
1297,,1782
1298,,1783
1299,,1784
1300,,1785
1301,,1786
1302,,1787
1303,,1788
1304,,1790
1305,,1791
1306,,1792
1307,,1793
1308,,1794
1309,,1795
1310,,1796
1311,,1797
1312,,1798
1313,,1799
1314,,1809
1315,,1810
1316,,1811
1317,,1812
1318,,1814
1319,,1816
1320,,1817
1321,,1818
1322,,1819
1323,,1820
1324,,1821
1325,,1822
1326,,1823
1327,,1824
1328,,1825
1329,,1826
1330,,1827
1331,,1828
1332,,1829
1333,,1830
1334,,1832
1335,,1833
1336,,1834
1337,,1835
1338,,1836
1339,,1837
1340,,1838
1341,,1839
1342,,1840
1343,,1841
1344,,1842
1345,,1843
1346,,1844
1347,,1845
1348,,1846
1349,,1847
1350,,1848
1351,,1849
1352,,1850
1353,,1851
1354,,1852
1355,,1853
1356,,1854
1357,,1855
1358,,1856
1359,,1857
1360,,1858
1361,,1859
1362,,1860
1363,,1861
1364,,1862
1365,,1863
1366,,1865
1367,,1869
1368,,1870
1369,,1871
1370,,1873
1371,,1874
1372,,1875
1373,,1876
1374,,1877
1375,,1878
1376,,1880
1377,,1881
1378,,1882
1379,,1883
1380,,1884
1381,,1885
1382,,1886
1383,,1887
1384,,1888
1385,,1889
1386,,1890
1387,,1892
1388,,1893
1389,,1894
1390,,1895
1391,,1896
1392,,1897
1393,,1898
1394,,1899
1395,,1900
1396,,1901
1397,,1902
1398,,1903
1399,,1904
1400,,1905
1401,,1906
1402,,1907
1403,,1909
1404,,1910
1405,,1911
1406,,1912
1407,,1913
1408,,1914
1409,,1915
1410,,1916
1411,,1917
1412,,1918
1413,,1919
1414,,1920
1415,,1921
1416,,1922
1417,,1923
1418,,1924
1419,,1925
1420,,1926
1421,,1927
1422,,1928
1423,,1929
1424,,1930
1425,,1931
1426,,1932
1427,,1933
1428,,1934
1429,,1935
1430,,1937
1431,,1938
1432,,1939
1433,,1940
1434,,1941
1435,,1942
1436,,1943
1437,,1944
1438,,1945
1439,,1946
1440,,1947
1441,,1954
1442,,1955
1443,,1956
1444,,1957
1445,,1958
1446,,1959
1447,,1960
1448,,1961
1449,,1962
1450,,1963
1451,,1964
1452,,1965
1453,,1966
1454,,1967
1455,,1968
1456,,1969
1457,,1970
1458,,1971
1459,,1972
1460,,1973
1461,,1974
1462,,1975
1463,,1976
1464,,1977
1465,,1978
1466,,1979
1467,,1981
1468,,1982
1469,,1983
1470,,1984
1471,,1986
1472,,1987
1473,,1988
1474,,1989
1475,,1990
1476,,1991
1477,,1992
1478,,1993
1479,,1996
1480,,1997
1481,,1998
1482,,1999
1483,,2000
1484,,2001
1485,,2002
1486,,2003
1487,,2004
1488,,2005
1489,,2006
1490,,2007
1491,,2008
1492,,2009
1493,,2010
1494,,2011
1495,,2012
1496,,2013
1497,,2014
1498,,2015
1499,,2016
1500,,2017
1501,,2018
1502,,2019
1503,,2020
1504,,2021
1505,,2022
1506,,2023
1507,,2024
1508,,2025
1509,,2026
1510,,2027
1511,,2028
1512,,2029
1513,,2030
1514,,2031
1515,,2032
1516,,2033
1517,,2034
1518,,2035
1519,,2036
1520,,2037
1521,,2038
1522,,2039
1523,,2040
1524,,2041
1525,,2042
1526,,2043
1527,,2044
1528,,2045
1529,,2046
1530,,2047
1531,,2048
1532,,2049
1533,,2050
1534,,2051
1535,,2052
1536,,2053
1537,,2057
1538,,2061
1539,,2062
1540,,2063
1541,,2064
1542,,2068
1543,,2069
1544,,2070
1545,,2071
1546,,2072
1547,,2073
1548,,2074
1549,,2075
1550,,2078
1551,,2079
1552,,2080
1553,,2081
1554,,2085
1555,,2086
1556,,2087
1557,,2099
1558,,2107
1559,,2108
1560,,2109
1561,,2110
1562,,2111
1563,,2112
1564,,2113
1565,,2114
1566,,2115
1567,,2118
1568,,2119
1569,,2120
1570,,2121
1571,,2122
1572,,2127
1573,,2128
1574,,2129
1575,,2130
1576,,2133
1577,,2134
1578,,2135
1579,,2136
1580,,2138
1581,,2139
1582,,2140
1583,,2148
1584,,2149
1585,,2150
1586,,2151
1587,,2152
1588,,2153
1589,,2154
1590,,2155
1591,,2156
1592,,2157
1593,,2158
1594,,2160
1595,,2161
1596,,2162
1597,,2163
1598,,2165
1599,,2166
1600,,2167
1601,,2169
1602,,2170
1603,,2171
1604,,2173
1605,,2174
1606,,2175
1607,,2176
1608,,2177
1609,,2178
1610,,2179
1611,,2180
1612,,2181
1613,,2182
1614,,2183
1615,,2184
1616,,2185
1617,,2186
1618,,2190
1619,,2191
1620,,2192
1621,,2193
1622,,2194
1623,,2195
1624,,2196
1625,,2197
1626,,2198
1627,,2199
1628,,2200
1629,,2201
1630,,2202
1631,,2203
1632,,2204
1633,,2205
1634,,2207
1635,,2208
1636,,2209
1637,,2210
1638,,2211
1639,,2212
1640,,2213
1641,,2214
1642,,2215
1643,,2217
1644,,2221
1645,,2222
1646,,2223
1647,,2224
1648,,2225
1649,,2226
1650,,2227
1651,,2228
1652,,2229
1653,,2230
1654,,2233
1655,,2235
1656,,2236
1657,,2238
1658,,2239
1659,,2240
1660,,2241
1661,,2246
1662,,2248
1663,,2249
1664,,2251
1665,,2252
1666,,2254
1667,,2255
1668,,2256
1669,,2260
1670,,2263
1671,,2266
1672,,2267
1673,,2268
1674,,2270
1675,,2271
1676,,2272
1677,,2273
1678,,2276
1679,,2277
1680,,2278
1681,,2279
1682,,2280
1683,,2281
1684,,2285
1685,,2286
1686,,2287
1687,,2291
1688,,2292
1689,,2293
1690,,2294
1691,,2295
1692,,2297
1693,,2298
1694,,2299
1695,,2300
1696,,2301
1697,,2302
1698,,2303
1699,,2304
1700,,2305
1701,,2306
1702,,2307
1703,,2308
1704,,2309
1705,,2310
1706,,2311
1707,,2312
1708,,2313
1709,,2314
1710,,2315
1711,,2316
1712,,2317
1713,,2319
1714,,2320
1715,,2324
1716,,2325
1717,,2327
1718,,2328
1719,,2329
1720,,2330
1721,,2331
1722,,2332
1723,,2335
1724,,2338
1725,,2339
1726,,2340
1727,,2341
1728,,2342
1729,,2343
1730,,2344
1731,,2345
1732,,2346
1733,,2347
1734,,2348
1735,,2349
1736,,2350
1737,,2351
1738,,2352
1739,,2353
1740,,2354
1741,,2355
1742,,2356
1743,,2357
1744,,2358
1745,,2359
1746,,2362
1747,,2363
1748,,2364
1749,,2365
1750,,2366
1751,,2367
1752,,2368
1753,,2369
1754,,2371
1755,,2374
1756,,2375
1757,,2376
1758,,2377
1759,,2378
1760,,2379
1761,,2380
1762,,2381
1763,,2382
1764,,2383
1765,,2386
1766,,2387
1767,,2388
1768,,2389
1769,,2390
1770,,2391
1771,,2393
1772,,2394
1773,,2395
1774,,2396
1775,,2397
1776,,2398
1777,,2399
1778,,2400
1779,,2401
1780,,2403
1781,,2406
1782,,2407
1783,,2408
1784,,2409
1785,,2413
1786,,2414
1787,,2415
1788,,2417
1789,,2418
1790,,2419
1791,,2421
1792,,2422
1793,,2423
1794,,2424
1795,,2425
1796,,2428
1797,,2429
1798,,2431
1799,,2432
1800,,2433
1801,,2434
1802,,2435
1803,,2437
1804,,2440
1805,,2441
1806,,2442
1807,,2443
1808,,2444
1809,,2445
1810,,2446
1811,,2447
1812,,2448
1813,,2449
1814,,2450
1815,,2451
1816,,2452
1817,,2453
1818,,2454
1819,,2455
1820,,2456
1821,,2457
1822,,2458
1823,,2460
1824,,2461
1825,,2462
1826,,2463
1827,,2464
1828,,2468
1829,,2469
1830,,2471
1831,,2472
1832,,2473
1833,,2476
1834,,2479
1835,,2480
1836,,2481
1837,,2482
1838,,2483
1839,,2484
1840,,2485
1841,,2486
1842,,2487
1843,,2488
1844,,2491
1845,,2492
1846,,2493
1847,,2494
1848,,2495
1849,,2498
1850,,2503
1851,,2508
1852,,2509
1853,,2511
1854,,2513
1855,,2514
1856,,2515
1857,,2516
1858,,2517
1859,,2518
1860,,2521
1861,,2522
1862,,2524
1863,,2529
1864,,2530
1865,,2531
1866,,2532
1867,,2533
1868,,2537
1869,,2538
1870,,2542
1871,,2543
1872,,2546
1873,,2547
1874,,2548
1875,,2553
1876,,2556
1877,,2557
1878,,2558
1879,,2559
1880,,2561
1881,,2562
1882,,2563
1883,,2566
1884,,2567
1885,,2568
1886,,2569
1887,,2570
1888,,2571
1889,,2572
1890,,2573
1891,,2575
1892,,2576
1893,,2577
1894,,2580
1895,,2581
1896,,2582
1897,,2583
1898,,2584
1899,,2585
1900,,2586
1901,,2587
1902,,2590
1903,,2591
1904,,2592
1905,,2593
1906,,2594
1907,,2595
1908,,2596
1909,,2597
1910,,2598
1911,,2599
1912,,2601
1913,,2602
1914,,2603
1915,,2604
1916,,2605
1917,,2606
1918,,2607
1919,,2609
1920,,2610
1921,,2611
1922,,2616
1923,,2617
1924,,2621
1925,,2622
1926,,2623
1927,,2624
1928,,2625
1929,,2626
1930,,2627
1931,,2628
1932,,2629
1933,,2630
1934,,2636
1935,,2637
1936,,2638
1937,,2639
1938,,2640
1939,,2641
1940,,2642
1941,,2643
1942,,2644
1943,,2645
1944,,2646
1945,,2647
1946,,2648
1947,,2653
1948,,2657
1949,,2658
1950,,2659
1951,,2660
1952,,2661
1953,,2662
1954,,2663
1955,,2664
1956,,2665
1957,,2666
1958,,2667
1959,,2668
1960,,2669
1961,,2670
1962,,2671
1963,,2672
1964,,2673
1965,,2674
1966,,2675
1967,,2676
1968,,2677
1969,,2678
1970,,2679
1971,,2680
1972,,2681
1973,,2682
1974,,2683
1975,,2684
1976,,2685
1977,,2686
1978,,2687
1979,,2688
1980,,2689
1981,,2692
1982,,2693
1983,,2694
1984,,2698
1985,,2699
1986,,2701
1987,,2702
1988,,2703
1989,,2704
1990,,2705
1991,,2706
1992,,2707
1993,,2708
1994,,2709
1995,,2710
1996,,2711
1997,,2712
1998,,2713
1999,,2714
2000,,2715
2001,,2716
2002,,2717
2003,,2718
2004,,2728
2005,,2731
2006,,2741
2007,,2742
2008,,2743
2009,,2745
2010,,2746
2011,,2747
2012,,2748
2013,,2750
2014,,2751
2015,,2752
2016,,2753
2017,,2754
2018,,2755
2019,,2756
2020,,2757
2021,,2758
2022,,2759
2023,,2760
2024,,2761
2025,,2762
2026,,2763
2027,,2764
2028,,2765
2029,,2766
2030,,2767
2031,,2768
2032,,2770
2033,,2771
2034,,2772
2035,,2773
2036,,2774
2037,,2776
2038,,2791
2039,,2792
2040,,2793
2041,,2796
2042,,2797
2043,,2798
2044,,2799
2045,,2800
2046,,2801
2047,,2802
2048,,2803
2049,,2804
2050,,2805
2051,,2806
2052,,2807
2053,,2808
2054,,2809
2055,,2816
2056,,2817
2057,,2818
2058,,2819
2059,,2823
2060,,2824
2061,,2826
2062,,2827
2063,,2828
2064,,2831
2065,,2834
2066,,2835
2067,,2836
2068,,2837
2069,,2838
2070,,2841
2071,,2844
2072,,2847
2073,,2848
2074,,2849
2075,,2852
2076,,2855
2077,,2856
2078,,2857
2079,,2862
2080,,2863
2081,,2864
2082,,2865
2083,,2866
2084,,2867
2085,,2868
2086,,2869
2087,,2870
2088,,2871
2089,,2872
2090,,2873
2091,,2874
2092,,2875
2093,,2877
2094,,2878
2095,,2879
2096,,2880
2097,,2881
2098,,2883
2099,,2886
2100,,2887
2101,,2888
2102,,2891
2103,,2892
2104,,2894
2105,,2895
2106,,2897
2107,,2898
2108,,2899
2109,,2901
2110,,2902
2111,,2903
2112,,2904
2113,,2906
2114,,2907
2115,,2908
2116,,2910
2117,,2911
2118,,2912
2119,,2914
2120,,2915
2121,,2916
2122,,2917
2123,,2918
2124,,2919
2125,,2920
2126,,2921
2127,,2923
2128,,2924
2129,,2925
2130,,2926
2131,,2927
2132,,2929
2133,,2930
2134,,2931
2135,,2932
2136,,2933
2137,,2934
2138,,2938
2139,,2939
2140,,2945
2141,,2948
2142,,2949
2143,,2950
2144,,2951
2145,,2953
2146,,2954
2147,,2955
2148,,2956
2149,,2957
2150,,2958
2151,,2959
2152,,2961
2153,,2962
2154,,2963
2155,,2966
2156,,2967
2157,,2968
2158,,2970
2159,,2971
2160,,2972
2161,,2973
2162,,2975
2163,,2976
2164,,2981
2165,,2982
2166,,2983
2167,,2984
2168,,2987
2169,,2988
2170,,2989
2171,,2990
2172,,2991
2173,,2992
2174,,2993
2175,,2994
2176,,2995
2177,,2996
2178,,2997
2179,,2998
2180,,2999
2181,,3006
2182,,3007
2183,,3008
2184,,3009
2185,,3012
2186,,3013
2187,,3014
2188,,3015
2189,,3016
2190,,3017
2191,,3018
2192,,3019
2193,,3020
2194,,3021
2195,,3023
2196,,3024
2197,,3025
2198,,3026
2199,,3027
2200,,3028
2201,,3029
2202,,3030
2203,,3032
2204,,3033
2205,,3034
2206,,3037
2207,,3042
2208,,3043
2209,,3048
2210,,3049
2211,,3050
2212,,3051
2213,,3052
2214,,3055
2215,,3056
2216,,3057
2217,,3058
2218,,3059
2219,,3060
2220,,3061
2221,,3067
2222,,3068
2223,,3069
2224,,3070
2225,,3071
2226,,3072
2227,,3073
2228,,3074
2229,,3075
2230,,3076
2231,,3077
2232,,3078
2233,,3080
2234,,3081
2235,,3082
2236,,3083
2237,,3084
2238,,3088
2239,,3091
2240,,3092
2241,,3093
2242,,3094
2243,,3095
2244,,3096
2245,,3097
2246,,3098
2247,,3099
2248,,3101
2249,,3102
2250,,3103
2251,,3106
2252,,3107
2253,,3108
2254,,3109
2255,,3110
2256,,3111
2257,,3112
2258,,3113
2259,,3114
2260,,3115
2261,,3116
2262,,3117
2263,,3119
2264,,3120
2265,,3124
2266,,3125
2267,,3126
2268,,3128
2269,,3129
2270,,3130
2271,,3131
2272,,3132
2273,,3133
2274,,3134
2275,,3135
2276,,3136
2277,,3137
2278,,3138
2279,,3139
2280,,3140
2281,,3141
2282,,3142
2283,,3143
2284,,3144
2285,,3145
2286,,3146
2287,,3147
2288,,3148
2289,,3149
2290,,3150
2291,,3151
2292,,3152
2293,,3153
2294,,3154
2295,,3155
2296,,3156
2297,,3157
2298,,3158
2299,,3159
2300,,3160
2301,,3161
2302,,3162
2303,,3167
2304,,3168
2305,,3169
2306,,3170
2307,,3171
2308,,3172
2309,,3173
2310,,3174
2311,,3175
2312,,3176
2313,,3177
2314,,3178
2315,,3181
2316,,3182
2317,,3183
2318,,3184
2319,,3185
2320,,3186
2321,,3190
2322,,3191
2323,,3192
2324,,3194
2325,,3195
2326,,3196
2327,,3197
2328,,3198
2329,,3199
2330,,3200
2331,,3202
2332,,3203
2333,,3205
2334,,3212
2335,,3213
2336,,3214
2337,,3215
2338,,3217
2339,,3218
2340,,3219
2341,,3222
2342,,3225
2343,,3226
2344,,3227
2345,,3228
2346,,3229
2347,,3233
2348,,3234
2349,,3235
2350,,3237
2351,,3238
2352,,3241
2353,,3249
2354,,3251
2355,,3252
2356,,3253
2357,,3254
2358,,3256
2359,,3259
2360,,3260
2361,,3261
2362,,3264
2363,,3265
2364,,3266
2365,,3267
2366,,3268
2367,,3269
2368,,3270
2369,,3278
2370,,3280
2371,,3281
2372,,3282
2373,,3283
2374,,3284
2375,,3285
2376,,3286
2377,,3290
2378,,3291
2379,,3292
2380,,3293
2381,,3294
2382,,3295
2383,,3298
2384,,3303
2385,,3304
2386,,3308
2387,,3309
2388,,3310
2389,,3311
2390,,3312
2391,,3313
2392,,3316
2393,,3319
2394,,3320
2395,,3321
2396,,3322
2397,,3323
2398,,3324
2399,,3325
2400,,3326
2401,,3327
2402,,3328
2403,,3329
2404,,3330
2405,,3331
2406,,3334
2407,,3335
2408,,3336
2409,,3339
2410,,3340
2411,,3341
2412,,3342
2413,,3354
2414,,3355
2415,,3356
2416,,3357
2417,,3358
2418,,3359
2419,,3360
2420,,3361
2421,,3362
2422,,3363
2423,,3364
2424,,3365
2425,,3366
2426,,3367
2427,,3368
2428,,3369
2429,,3370
2430,,3371
2431,,3372
2432,,3373
2433,,3374
2434,,3375
2435,,3376
2436,,3377
2437,,3378
2438,,3379
2439,,3380
2440,,3381
2441,,3382
2442,,3383
2443,,3384
2444,,3385
2445,,3386
2446,,3389
2447,,3391
2448,,3393
2449,,3396
2450,,3397
2451,,3400
2452,,3401
2453,,3402
2454,,3403
2455,,3404
2456,,3405
2457,,3406
2458,,3407
2459,,3408
2460,,3409
2461,,3413
2462,,3417
2463,,3418
2464,,3420
2465,,3421
2466,,3424
2467,,3425
2468,,3426
2469,,3429
2470,,3430
2471,,3432
2472,,3433
2473,,3436
2474,,3437
2475,,3438
2476,,3440
2477,,3441
2478,,3442
2479,,3443
2480,,3444
2481,,3445
2482,,3447
2483,,3448
2484,,3452
2485,,3454
2486,,3455
2487,,3457
2488,,3459
2489,,3460
2490,,3461
2491,,3462
2492,,3464
2493,,3465
2494,,3467
2495,,3468
2496,,3469
2497,,3470
2498,,3471
2499,,3472
2500,,3473
2501,,3478
2502,,3479
2503,,3480
2504,,3481
2505,,3482
2506,,3485
2507,,3487
2508,,3490
2509,,3492
2510,,3493
2511,,3494
2512,,3497
2513,,3498
2514,,3501
2515,,3502
2516,,3503
2517,,3504
2518,,3505
2519,,3506
2520,,3508
2521,,3509
2522,,3510
2523,,3511
2524,,3512
2525,,3513
2526,,3514
2527,,3515
2528,,3516
2529,,3517
2530,,3518
2531,,3519
2532,,3520
2533,,3521
2534,,3522
2535,,3523
2536,,3524
2537,,3525
2538,,3526
2539,,3527
2540,,3528
2541,,3529
2542,,3530
2543,,3531
2544,,3532
2545,,3533
2546,,3534
2547,,3535
2548,,3536
2549,,3537
2550,,3538
2551,,3539
2552,,3540
2553,,3545
2554,,3546
2555,,3547
2556,,3548
2557,,3549
2558,,3550
2559,,3551
2560,,3552
2561,,3553
2562,,3554
2563,,3555
2564,,3556
2565,,3557
2566,,3558
2567,,3559
2568,,3560
2569,,3561
2570,,3562
2571,,3563
2572,,3564
2573,,3565
2574,,3566
2575,,3567
2576,,3568
2577,,3569
2578,,3570
2579,,3571
2580,,3572
2581,,3573
2582,,3576
2583,,3578
2584,,3579
2585,,3580
2586,,3581
2587,,3582
2588,,3583
2589,,3584
2590,,3585
2591,,3586
2592,,3587
2593,,3588
2594,,3589
2595,,3590
2596,,3591
2597,,3592
2598,,3593
2599,,3594
2600,,3595
2601,,3596
2602,,3597
2603,,3598
2604,,3599
2605,,3600
2606,,3601
2607,,3602
2608,,3604
2609,,3605
2610,,3606
2611,,3607
2612,,3608
2613,,3611
2614,,3612
2615,,3613
2616,,3614
2617,,3615
2618,,3617
2619,,3618
2620,,3619
2621,,3620
2622,,3621
2623,,3623
2624,,3624
2625,,3625
2626,,3629
2627,,3630
2628,,3631
2629,,3632
2630,,3633
2631,,3634
2632,,3635
2633,,3636
2634,,3637
2635,,3638
2636,,3639
2637,,3640
2638,,3641
2639,,3642
2640,,3643
2641,,3644
2642,,3645
2643,,3646
2644,,3647
2645,,3648
2646,,3649
2647,,3650
2648,,3651
2649,,3652
2650,,3659
2651,,3660
2652,,3662
2653,,3663
2654,,3664
2655,,3665
2656,,3666
2657,,3668
2658,,3669
2659,,3681
2660,,3682
2661,,3683
2662,,3684
2663,,3685
2664,,3686
2665,,3687
2666,,3689
2667,,3690
2668,,3692
2669,,3693
2670,,3695
2671,,3696
2672,,3698
2673,,3699
2674,,3701
2675,,3704
2676,,3705
2677,,3706
2678,,3708
2679,,3709
2680,,3710
2681,,3712
2682,,3713
2683,,3714
2684,,3715
2685,,3718
2686,,3719
2687,,3720
2688,,3721
2689,,3722
2690,,3723
2691,,3727
2692,,3729
2693,,3730
2694,,3734
2695,,3735
2696,,3736
2697,,3737
2698,,3738
2699,,3739
2700,,3740
2701,,3741
2702,,3742
2703,,3743
2704,,3744
2705,,3745
2706,,3746
2707,,3747
2708,,3749
2709,,3750
2710,,3751
2711,,3752
2712,,3753
2713,,3754
2714,,3755
2715,,3756
2716,,3757
2717,,3758
2718,,3759
2719,,3760
2720,,3761
2721,,3762
2722,,3763
2723,,3764
2724,,3765
2725,,3766
2726,,3767
2727,,3768
2728,,3769
2729,,3770
2730,,3771
2731,,3772
2732,,3773
2733,,3774
2734,,3775
2735,,3776
2736,,3777
2737,,3778
2738,,3779
2739,,3780
2740,,3783
2741,,3784
2742,,3788
2743,,3789
2744,,3790
2745,,3791
2746,,3792
2747,,3793
2748,,3794
2749,,3795
2750,,3796
2751,,3797
2752,,3798
2753,,3799
2754,,3800
2755,,3801
2756,,3802
2757,,3803
2758,,3804
2759,,3805
2760,,3806
2761,,3807
2762,,3808
2763,,3809
2764,,3810
2765,,3811
2766,,3813
2767,,3814
2768,,3815
2769,,3816
2770,,3819
2771,,3820
2772,,3821
2773,,3822
2774,,3823
2775,,3824
2776,,3825
2777,,3826
2778,,3827
2779,,3828
2780,,3831
2781,,3832
2782,,3835
2783,,3836
2784,,3837
2785,,3838
2786,,3839
2787,,3840
2788,,3841
2789,,3842
2790,,3843
2791,,3844
2792,,3847
2793,,3848
2794,,3849
2795,,3851
2796,,3852
2797,,3853
2798,,3854
2799,,3855
2800,,3856
2801,,3858
2802,,3861
2803,,3862
2804,,3863
2805,,3864
2806,,3866
2807,,3867
2808,,3868
2809,,3869
2810,,3870
2811,,3873
2812,,3874
2813,,3875
2814,,3876
2815,,3877
2816,,3878
2817,,3879
2818,,3880
2819,,3881
2820,,3882
2821,,3885
2822,,3886
2823,,3887
2824,,3888
2825,,3890
2826,,3891
2827,,3892
2828,,3895
2829,,3896
2830,,3897
2831,,3898
2832,,3899
2833,,3900
2834,,3901
2835,,3902
2836,,3903
2837,,3904
2838,,3905
2839,,3906
2840,,3907
2841,,3909
2842,,3910
2843,,3911
2844,,3912
2845,,3913
2846,,3914
2847,,3915
2848,,3916
2849,,3917
2850,,3918
2851,,3919
2852,,3920
2853,,3921
2854,,3922
2855,,3924
2856,,3925
2857,,3926
2858,,3927
2859,,3928
2860,,3929
2861,,3930
2862,,3932
2863,,3933
2864,,3934
2865,,3935
2866,,3936
2867,,3937
2868,,3938
2869,,3943
2870,,3944
2871,,3946
2872,,3949
2873,,3951
2874,,3953
2875,,3954
2876,,3955
2877,,3956
2878,,3957
2879,,3958
2880,,3959
2881,,3962
2882,,3963
2883,,3965
2884,,3967
2885,,3968
2886,,3969
2887,,3970
2888,,3971
2889,,3972
2890,,3973
2891,,3974
2892,,3975
2893,,3976
2894,,3977
2895,,3978
2896,,3979
2897,,3980
2898,,3981
2899,,3982
2900,,3983
2901,,3984
2902,,3985
2903,,3989
2904,,3991
2905,,3992
2906,,3993
2907,,3995
2908,,3996
2909,,3997
2910,,3998
2911,,3999
2912,,4001
2913,,4002
2914,,4003
2915,,4004
2916,,4005
2917,,4007
2918,,4008
2919,,4009
2920,,4010
2921,,4011
2922,,4012
2923,,4013
2924,,4014
2925,,4015
2926,,4016
2927,,4017
2928,,4018
2929,,4019
2930,,4020
2931,,4023
2932,,4024
2933,,4025
2934,,4027
2935,,4029
2936,,4030
2937,,4032
2938,,4033
2939,,4034
2940,,4035
2941,,4036
2942,,4037
2943,,4038
2944,,4039
2945,,4040
2946,,4041
2947,,4042
2948,,4043
2949,,4045
2950,,4046
2951,,4047
2952,,4048
2953,,4049
2954,,4050
2955,,4052
2956,,4053
2957,,4054
2958,,4055
2959,,4056
2960,,4057
2961,,4058
2962,,4059
2963,,4060
2964,,4061
2965,,4062
2966,,4063
2967,,4064
2968,,4066
2969,,4067
2970,,4068
2971,,4069
2972,,4070
2973,,4071
2974,,4072
2975,,4073
2976,,4074
2977,,4075
2978,,4076
2979,,4077
2980,,4078
2981,,4079
2982,,4080
2983,,4081
2984,,4082
2985,,4083
2986,,4084
2987,,4085
2988,,4086
2989,,4087
2990,,4088
2991,,4089
2992,,4090
2993,,4091
2994,,4092
2995,,4093
2996,,4094
2997,,4095
2998,,4096
2999,,4097
3000,,4098
3001,,4100
3002,,4103
3003,,4104
3004,,4108
3005,,4109
3006,,4110
3007,,4111
3008,,4112
3009,,4113
3010,,4114
3011,,4115
3012,,4116
3013,,4117
3014,,4118
3015,,4119
3016,,4120
3017,,4121
3018,,4122
3019,,4123
3020,,4124
3021,,4125
3022,,4126
3023,,4128
3024,,4129
3025,,4130
3026,,4131
3027,,4132
3028,,4134
3029,,4135
3030,,4136
3031,,4138
3032,,4139
3033,,4142
3034,,4143
3035,,4144
3036,,4145
3037,,4149
3038,,4151
3039,,4154
3040,,4155
3041,,4157
3042,,4159
3043,,4166
3044,,4167
3045,,4168
3046,,4169
3047,,4170
3048,,4171
3049,,4172
3050,,4173
3051,,4176
3052,,4192
3053,,4193
3054,,4194
3055,,4195
3056,,4196
3057,,4197
3058,,4202
3059,,4204
3060,,4207
3061,,4208
3062,,4209
3063,,4210
3064,,4213
3065,,4218
3066,,4219
3067,,4221
3068,,4223
3069,,4224
3070,,4225
3071,,4226
3072,,4227
3073,,4228
3074,,4229
3075,,4238
3076,,4239
3077,,4240
3078,,4241
3079,,4242
3080,,4243
3081,,4244
3082,,4245
3083,,4246
3084,,4247
3085,,4248
3086,,4251
3087,,4252
3088,,4253
3089,,4254
3090,,4255
3091,,4256
3092,,4257
3093,,4258
3094,,4259
3095,,4260
3096,,4261
3097,,4262
3098,,4263
3099,,4264
3100,,4265
3101,,4266
3102,,4267
3103,,4268
3104,,4269
3105,,4270
3106,,4271
3107,,4272
3108,,4273
3109,,4274
3110,,4275
3111,,4276
3112,,4277
3113,,4278
3114,,4279
3115,,4280
3116,,4281
3117,,4282
3118,,4283
3119,,4284
3120,,4285
3121,,4286
3122,,4288
3123,,4289
3124,,4290
3125,,4291
3126,,4292
3127,,4293
3128,,4294
3129,,4295
3130,,4296
3131,,4297
3132,,4298
3133,,4299
3134,,4300
3135,,4301
3136,,4304
3137,,4305
3138,,4309
3139,,4311
3140,,4312
3141,,4313
3142,,4316
3143,,4317
3144,,4318
3145,,4319
3146,,4320
3147,,4321
3148,,4322
3149,,4323
3150,,4324
3151,,4325
3152,,4326
3153,,4328
3154,,4329
3155,,4330
3156,,4331
3157,,4332
3158,,4333
3159,,4334
3160,,4335
3161,,4336
3162,,4337
3163,,4338
3164,,4339
3165,,4340
3166,,4341
3167,,4342
3168,,4343
3169,,4344
3170,,4345
3171,,4346
3172,,4347
3173,,4348
3174,,4349
3175,,4350
3176,,4351
3177,,4352
3178,,4353
3179,,4354
3180,,4355
3181,,4356
3182,,4357
3183,,4358
3184,,4359
3185,,4360
3186,,4361
3187,,4362
3188,,4363
3189,,4364
3190,,4365
3191,10009,2734
3192,10011,2734
3193,10024,2734
3194,10035,2734
3195,1040,1677
3196,10550,2635
3197,10701,4303
3198,10801,2732
3199,11520,1343
3200,11550,1627
3201,11561,2259
3202,11572,2822
3203,11757,2220
3204,12180,3941
3205,13021,242
3206,13440,3288
3207,13501,4000
3208,13601,4156
3209,14215,597
3210,14304,2749
3211,1453,2172
3212,14609,3273
3213,14701,1815
3214,16602,94
3215,17403,4307
3216,1752,2416
3217,17602,2105
3218,18018,429
3219,1810,121
3220,18103,87
3221,1841,2143
3222,1852,2290
3223,19013,801
3224,19120,3003
3225,19134,3003
3226,19140,3003
3227,19143,3003
3228,1915,431
3229,19601,3201
3230,19711,2736
3231,19805,4216
3232,19901,1111
3233,20016,4148
3234,2038,1336
3235,20707,2137
3236,20735,871
3237,20852,3279
3238,20877,1372
3239,21044,901
3240,21215,304
3241,2138,663
3242,2148,2361
3243,2149,1244
3244,2151,3231
3245,2169,3166
3246,22153,3680
3247,22204,200
3248,22304,73
3249,22801,1601
3250,22901,777
3251,22980,4164
3252,23223,3248
3253,23320,798
3254,23434,3716
3255,23464,4102
3256,23602,2744
3257,23666,1582
3258,24153,3390
3259,26003,4200
3260,27217,611
3261,27360,3857
3262,2740,2722
3263,27405,1481
3264,27511,715
3265,27604,3179
3266,27707,1144
3267,27834,1484
3268,27893,4217
3269,28027,919
3270,28052,1394
3271,28110,2578
3272,28205,775
3273,28314,1273
3274,28403,4215
3275,28540,1805
3276,28601,1649
3277,28806,219
3278,2886,4146
3279,2895,4237
3280,2908,3121
3281,2920,963
3282,29203,899
3283,29406,2783
3284,29464,2631
3285,29483,3724
3286,29501,1294
3287,29730,3275
3288,30062,2405
3289,30076,3306
3290,30080,3627
3291,30188,4234
3292,30318,236
3293,30328,3475
3294,30344,1155
3295,3060,2695
3296,30605,233
3297,31088,4140
3298,31204,2333
3299,31907,907
3300,32114,1037
3301,32137,2905
3302,32174,2861
3303,32216,1807
3304,32303,3782
3305,32503,2977
3306,32712,165
3307,32725,1053
3308,32771,3476
3309,32839,2860
3310,3301,920
3311,33012,1648
3312,33021,1675
3313,33023,2545
3314,33024,2974
3315,33030,1678
3316,33063,2402
3317,33065,935
3318,33068,3065
3319,33142,2520
3320,33161,2788
3321,33178,2520
3322,33180,2520
3323,33311,1319
3324,33317,3046
3325,33319,3785
3326,33407,4185
3327,33433,492
3328,33437,534
3329,33445,1052
3330,33458,1879
3331,33614,3787
3332,33710,3353
3333,33801,2092
3334,34741,1985
3335,34952,3085
3336,35244,1681
3337,35401,3960
3338,35601,1041
3339,35630,1293
3340,35810,1712
3341,36116,2600
3342,36608,2560
3343,36830,241
3344,37042,862
3345,37064,1337
3346,37075,1632
3347,37087,2326
3348,37130,2650
3349,37167,3628
3350,37211,2697
3351,37421,781
3352,37604,1864
3353,37620,570
3354,37918,1995
3355,38109,2490
3356,3820,1112
3357,38301,1803
3358,38401,905
3359,38671,3661
3360,39212,1802
3361,39401,1609
3362,39503,1536
3363,40214,2284
3364,40324,1412
3365,40475,3245
3366,41042,1295
3367,42071,2651
3368,42104,532
3369,42301,2885
3370,4240,2188
3371,42420,1628
3372,43017,1126
3373,43055,2739
3374,43123,1498
3375,43130,2103
3376,43229,910
3377,43302,2412
3378,43402,533
3379,43615,3889
3380,4401,316
3381,44035,1199
3382,44052,2269
3383,44060,2497
3384,44105,867
3385,44107,2098
3386,44134,2940
3387,44221,994
3388,44240,1951
3389,44256,2478
3390,44312,47
3391,45011,1576
3392,45014,1259
3393,45040,2436
3394,45231,849
3395,45373,3942
3396,45503,3678
3397,46060,2769
3398,46142,1486
3399,46203,1749
3400,46226,2141
3401,46350,2065
3402,46368,3086
3403,46514,1193
3404,46544,2549
3405,46614,3653
3406,47150,2720
3407,47201,908
3408,47362,2727
3409,47374,3243
3410,47401,486
3411,47905,2076
3412,48066,3301
3413,48073,3318
3414,48104,131
3415,48126,1039
3416,48127,1040
3417,48146,2216
3418,48180,3818
3419,48183,3931
3420,48185,4189
3421,48187,682
3422,48205,1071
3423,48227,1071
3424,48234,1071
3425,48237,2813
3426,48307,3274
3427,48310,3697
3428,48601,3338
3429,48640,2528
3430,48858,2633
3431,48911,2117
3432,49201,1801
3433,49423,1672
3434,49505,1468
3435,50315,1065
3436,50322,3994
3437,50701,4153
3438,52001,1128
3439,52302,2410
3440,52402,739
3441,52601,612
3442,53081,3575
3443,53132,1338
3444,53142,1950
3445,53186,4161
3446,53209,2541
3447,53214,4175
3448,53711,2337
3449,5408,614
3450,54302,1480
3451,54401,4162
3452,54601,2055
3453,54703,1157
3454,54880,3733
3455,54915,168
3456,55016,952
3457,55044,2093
3458,55106,3350
3459,55113,3302
3460,55122,1148
3461,55124,167
3462,55125,4231
3463,55369,2392
3464,55407,2544
3465,55433,931
3466,55901,3271
3467,56301,3346
3468,56560,2608
3469,57103,3616
3470,57401,10
3471,57701,3193
3472,58103,1264
3473,59102,457
3474,59405,1477
3475,59601,1621
3476,59715,535
3477,59801,2554
3478,60004,202
3479,60016,1068
3480,60025,1440
3481,60035,1654
3482,60068,2935
3483,60076,3622
3484,60089,598
3485,60090,4199
3486,60098,4235
3487,6010,568
3488,60126,1195
3489,60174,3343
3490,60188,700
3491,60201,1243
3492,60302,2812
3493,6040,2373
3494,60440,502
3495,60441,3289
3496,60462,2858
3497,60477,3872
3498,60505,254
3499,60540,2691
3500,60543,2876
3501,60610,806
3502,60623,806
3503,60653,806
3504,61032,1341
3505,61107,3277
3506,61604,2980
3507,61701,485
3508,61761,2780
3509,61821,754
3510,61832,1018
3511,62301,3164
3512,62521,1043
3513,63116,3348
3514,63122,1980
3515,63301,3345
3516,63376,3352
3517,6360,2795
3518,64055,1747
3519,64118,1433
3520,6450,2500
3521,6457,2526
3522,6460,2535
3523,6484,3577
3524,65203,902
3525,65807,3677
3526,66062,2833
3527,66212,2882
3528,6708,4152
3529,67212,4206
3530,67846,1385
3531,68025,1346
3532,68104,2840
3533,6824,1257
3534,68701,2777
3535,68801,1465
3536,7002,369
3537,70065,1949
3538,7011,870
3539,7017,1154
3540,7036,2218
3541,7050,2850
3542,70506,2077
3543,7055,2947
3544,7060,3041
3545,70601,2088
3546,7090,4187
3547,7109,391
3548,71111,519
3549,71203,2579
3550,71603,3022
3551,71854,3845
3552,71901,1683
3553,72032,930
3554,72209,2232
3555,72401,1868
3556,72701,1272
3557,72762,3675
3558,73034,1166
3559,73071,2781
3560,73120,2830
3561,73505,2146
3562,74012,575
3563,74133,3952
3564,74403,2656
3565,75002,85
3566,75007,709
3567,7501,2952
3568,75019,934
3569,75023,3045
3570,75034,1353
3571,75043,1390
3572,75051,1467
3573,75056,3850
3574,75061,1770
3575,75080,3240
3576,75081,1011
3577,75104,738
3578,75150,2507
3579,75217,1011
3580,75220,1011
3581,75701,3966
3582,7601,1555
3583,76017,198
3584,76021,379
3585,76051,1471
3586,76063,2384
3587,76106,1323
3588,76117,1570
3589,76706,4127
3590,76903,3410
3591,77036,1686
3592,77041,1686
3593,77070,1686
3594,77095,1686
3595,77301,922
3596,77340,1713
3597,77489,2555
3598,77506,2943
3599,77536,1044
3600,77571,2066
3601,77573,2159
3602,77581,2965
3603,77590,3846
3604,77642,3079
3605,77705,373
3606,77803,588
3607,77840,889
3608,78041,2124
3609,78207,3412
3610,78415,943
3611,78501,2466
3612,78521,583
3613,78539,1163
3614,78550,1599
3615,78577,3001
3616,78664,3315
3617,78666,3451
3618,78745,256
3619,79109,99
3620,79424,2296
3621,7960,2619
3622,79605,14
3623,79762,2825
3624,79907,1183
3625,80004,212
3626,80013,252
3627,80020,581
3628,80022,912
3629,80027,2282
3630,80112,1207
3631,80134,2936
3632,80219,1060
3633,80229,3859
3634,80501,2262
3635,80525,1317
3636,80538,2288
3637,80906,897
3638,81001,3127
3639,8302,560
3640,83201,3054
3641,83301,3964
3642,8360,4099
3643,83605,651
3644,83642,2502
3645,83704,498
3646,8401,237
3647,84020,1117
3648,84041,2147
3649,84043,2164
3650,84057,2854
3651,84062,3047
3652,84084,4181
3653,84106,3399
3654,84107,2652
3655,84321,2247
3656,84604,3123
3657,85023,3005
3658,85204,2505
3659,85224,758
3660,85234,1421
3661,85254,3542
3662,85281,3834
3663,85301,1438
3664,85323,264
3665,85345,2979
3666,85364,4315
3667,85635,3603
3668,85705,3948
3669,86442,603
3670,8701,2096
3671,87105,68
3672,87124,3258
3673,87401,1267
3674,87505,3496
3675,88001,2126
3676,88101,873
3677,88220,697
3678,8861,2986
3679,8901,2725
3680,89015,1630
3681,89031,2787
3682,89115,2132
3683,89431,3667
3684,89502,3221
3685,90004,2275
3686,90008,2275
3687,90032,2275
3688,90036,2275
3689,90045,2275
3690,90049,2275
3691,90278,3210
3692,90301,1753
3693,90503,3908
3694,90604,4203
3695,90640,2589
3696,90660,3011
3697,90712,2094
3698,90805,2258
3699,91104,2941
3700,91360,3860
3701,91505,607
3702,91730,3189
3703,91761,2843
3704,91767,3063
3705,91776,3431
3706,91911,843
3707,91941,2059
3708,92020,1175
3709,92024,1203
3710,92024,3423
3711,92025,1225
3712,92037,3423
3713,92054,2821
3714,92105,3423
3715,92236,878
3716,92307,166
3717,92345,1644
3718,92374,3206
3719,92399,4310
3720,92404,3416
3721,92503,3263
3722,92530,2089
3723,92553,2613
3724,92563,2654
3725,92592,3830
3726,92627,949
3727,92630,2091
3728,92646,1709
3729,92672,3419
3730,92677,2084
3731,92683,4191
3732,92691,2552
3733,92704,3484
3734,92804,116
3735,93010,659
3736,93030,2890
3737,93101,3486
3738,93277,4106
3739,93309,293
3740,93405,3446
3741,93454,3500
3742,93534,2101
3743,93727,1350
3744,93905,3395
3745,94061,3211
3746,94086,3732
3747,94109,3428
3748,94110,3428
3749,94122,3428
3750,94403,3453
3751,94509,148
3752,94513,552
3753,94521,918
3754,94526,1017
3755,94533,1256
3756,94568,1124
3757,94591,4022
3758,94601,2815
3759,95037,2614
3760,95051,3489
3761,95123,3435
3762,95207,3703
3763,95240,2245
3764,95336,2385
3765,95351,2565
3766,95610,854
3767,95616,1033
3768,95661,3299
3769,95695,4232
3770,95823,3333
3771,95928,810
3772,96003,3204
3773,97030,1489
3774,97123,1659
3775,97206,3090
3776,97224,3865
3777,97301,3388
3778,97405,1240
3779,97477,3679
3780,97504,2475
3781,97756,3207
3782,98002,243
3783,98006,392
3784,98026,1167
3785,98031,1953
3786,98042,959
3787,98052,3209
3788,98059,3223
3789,98103,3544
3790,98105,3544
3791,98115,3544
3792,98198,1066
3793,98208,1246
3794,98226,395
3795,98270,2430
3796,98502,2839
3797,98632,2265
3798,98661,4031
3799,99207,3671
3800,99301,2944
